3.741395046491774e+38
2.9238882546346822e+38
3.19499939898713e+38
3.765583231957023e+38
2.6716345966188076e+38
4.1398165208144206e+38
3.0699542996027428e+38
2.9621034660946897e+38
3.6472170040951754e+38
3.3435852987817775e+38
4.136493435094904e+38
3.261555978277993e+38
5.1390346532963775e+38
3.3436948611514564e+38
3.363173882379588e+38
5.729152177381599e+38
4.263942511149233e+38
2.7190296984974706e+38
4.6760061951927334e+38
4.393511837210785e+38
4.139105273312516e+38
2.883235793679077e+38
3.1765609075055887e+38
4.145216628272645e+38
4.3549166609270575e+38
3.119506926209154e+38
3.8178222467331316e+38
3.1346785284242057e+38
3.513873478855033e+38
3.232732761719131e+38
4.664283099361091e+38
3.1552213587147114e+38
5.061078292879466e+38
4.782061962423842e+38
4.128609805861431e+38
4.1064441761091926e+38
4.695005747985017e+38
4.559250614528722e+38
3.1411325758377655e+38
3.40220984223245e+38
4.4969949764534486e+38
3.3487031562849195e+38
3.4466306837557084e+38
4.034137818929273e+38
4.812502119144062e+38
