4.574437298390505e+38
4.120047966599834e+38
2.557085174618113e+38
4.6307994567327664e+38
3.752495963185461e+38
6.104866757263834e+38
5.637955980661335e+38
1.9218237292354083e+38
2.9183617902530754e+38
5.9582319979341725e+38
4.8578864134473504e+38
4.147365913450096e+38
4.254181834974686e+38
3.959665000134408e+38
4.0779320742623824e+38
7.03808848870827e+37
2.0837163011114755e+38
2.3044026034535967e+38
4.476354779413393e+38
3.3216172617643577e+38
3.698411093706673e+38
3.1325063203965017e+38
3.6408521737262304e+38
2.164389995322297e+38
2.2278870874451426e+38
1.6498480101074112e+38
3.878317247232681e+38
2.7160561019534467e+38
3.410388308045856e+38
2.798100828034097e+38
2.9707835632799576e+38
1.7791455148780587e+38
2.6002007951450815e+38
2.4416224166093796e+38
3.573404361188512e+38
2.6197445343434255e+38
3.0193921169712662e+38
3.2246639720905445e+38
4.07907079149636e+38
1.987548183711052e+38
4.21975145278536e+38
2.1222044516885517e+38
4.059799221876577e+38
4.418889044543952e+38
3.9784716203772286e+38
2.575691433630411e+38
2.5375512851194245e+38
3.824429335070201e+38
4.1783317938219504e+38
2.496676580679504e+38
2.6379346895091305e+38
4.2826934902068984e+38
4.4364375211755844e+38
4.5599771102818786e+38
2.5004920425733326e+38
4.115183423594238e+38
2.736011642381784e+38
3.3728920223089673e+38
5.287352954984636e+38
6.0475539204483695e+38
4.1114232089696306e+38
4.131668265221851e+38
5.308163211481707e+38
4.9961414145085356e+38
4.599795091406643e+38
5.741011176731729e+38
4.045360502954441e+38
4.311329077254655e+38
3.6621210875354776e+38
4.546401296903518e+38
4.962583277578224e+38
4.618458150420203e+38
6.26546714621981e+38
5.769647965953728e+38
4.742427733581248e+38
5.103305074076678e+38
5.750606279619577e+38
4.563289950981134e+38
5.474233078531418e+38
6.151607595220055e+38
5.097072118170544e+38
4.211785697065821e+38
6.271615942938983e+38
