4.641227035154205e+38
5.055827541321858e+38
4.727783206978638e+38
5.544185946236272e+38
4.7288687071776e+38
5.003128617524985e+38
2.274026290526556e+38
3.891852944560054e+38
5.354546793591865e+38
5.389897149759221e+38
7.088866905304197e+38
3.9340877080675e+38
2.82078083863922e+38
4.119053751508829e+38
3.858117611879067e+38
3.765954172458579e+38
3.578679347405272e+38
3.888048818446577e+38
6.714688354368344e+38
3.8563647322305944e+38
3.973525489317944e+38
2.4592694109889578e+38
2.299757960614884e+38
3.719513710105043e+38
2.3249853325576004e+38
1.4154537615205187e+36
6.089521246268949e+38
5.357010464163555e+38
5.415737650515688e+38
5.120894277464585e+38
8.254299494831683e+35
4.347414277672129e+38
4.215027041957256e+38
4.844922177248667e+38
6.670853355433192e+38
1.6356975377725744e+38
3.520960058937356e+38
3.634690391988406e+38
3.717631927518428e+35
5.0908535805038355e+38
2.8549726234325826e+38
4.516282614115591e+38
3.935029677864669e+38
5.174826071271723e+38
4.407991214167582e+38
5.4684609274708924e+38
3.588732109622029e+38
6.236352540682312e+38
3.962827704903465e+38
1.522381139741862e+38
3.713005664011138e+38
4.903193181942748e+38
3.758761193105557e+38
5.260167963139398e+38
5.634584145349219e+38
4.640877229513805e+38
5.129478185929064e+38
4.9503825101160044e+38
2.4210623740973357e+38
5.4009569371785806e+38
3.4606117364886045e+38
4.545038611777066e+38
5.5942585080579645e+38
4.8285500408344225e+38
3.567634605385117e+38
3.913552716612671e+38
3.3877326914466498e+38
4.455065113177286e+38
5.5655815167017766e+38
3.490930533014355e+38
4.700370709458149e+38
5.484603870677866e+38
4.4040891336798016e+38
5.74517093032636e+38
4.344804038555506e+38
5.204820226565018e+38
5.099243485999452e+38
4.006947261477491e+38
3.3512601651661057e+38
3.515306554616892e+38
3.53074788229557e+38
5.124842804150734e+38
3.299310085399483e+38
4.623754964392869e+38
4.838343369720724e+38
4.506565327628192e+38
3.2827936549050297e+38
4.4807819066101996e+38
3.524063762245512e+38
6.261897004970795e+38
